Primero cargamos el modulo singularity

El fichero lleva a cabo una suma, asignamos a x los valores de 1 a 50 y rnorm() genera datos aleatorios con probabilidad normal

[1] 4
 [1]  1  2  3  4  5  6  7  8  9 10 11 12 13 14 15 16 17 18 19 20 21 22 23 24 25
[26] 26 27 28 29 30 31 32 33 34 35 36 37 38 39 40 41 42 43 44 45 46 47 48 49 50
 [1] -0.6758277  1.1815423  1.7933456  4.0669919  5.8104857  6.0250182
 [7]  7.1244228  7.6027996  8.4466535 10.0399311 11.5377688 10.9564278
[13] 12.1979514 13.1407315 16.2428550 18.0101680 17.8443581 16.8371340
[19] 19.3876336 18.6825317 21.6333160 21.9721069 21.2943490 24.3242872
[25] 25.8069086 26.4372756 27.0801687 28.1083017 28.0422585 30.4377585
[31] 30.4612922 33.2105542 32.6732447 36.0391373 35.2072157 34.9746684
[37] 35.6310422 38.6217438 38.5807806 41.3541901 41.1463275 43.3017881
[43] 45.1246135 44.2441997 45.4258123 45.3511918 45.9175057 46.6057944
[49] 48.3397752 51.1061108

fin
